-0.005452 -0.004509 0.007044
-0.00531593 -0.00439665 0.0072175
-0.00519443 -0.00429633 0.00737268
-0.00517366 -0.00427918 0.00739935
-0.00514998 -0.00425961 0.00742565
-0.00502247 -0.00415419 0.00756597
-0.00492372 -0.00407252 0.00767071
-0.00486012 -0.00401991 0.00773656
-0.00475627 -0.00393398 0.0078484
-0.00469829 -0.00388601 0.00790946
-0.00466247 -0.00385637 0.00794738
-0.00453126 -0.00374778 0.00808151
-0.00437873 -0.00362168 0.00821543
-0.0043596 -0.00360586 0.00823182
-0.00433612 -0.00358647 0.00825183
-0.00418601 -0.00346247 0.008376
-0.00406058 -0.00335887 0.00848154
-0.00401415 -0.00332052 0.00852015
-0.00395974 -0.00327558 0.00856653
-0.00384819 -0.00318342 0.00866
-0.00373424 -0.00308912 0.00873562
-0.00366788 -0.00303421 0.00877919
-0.00360027 -0.00297825 0.00882461
-0.00348658 -0.00288417 0.0089005
-0.00337062 -0.0027882 0.00897766
-0.00331165 -0.0027394 0.0090162
-0.00326496 -0.00270075 0.00904721
-0.00315004 -0.00260564 0.00912128
-0.003004 -0.00248488 0.00919785
-0.0029321 -0.00242545 0.00923347
-0.0028247 -0.00233666 0.00928802
-0.00272148 -0.00225134 0.00933927
-0.0026433 -0.00218671 0.00937925
-0.00254888 -0.00210864 0.00942609
-0.00235083 -0.00194491 0.00951535
-0.0022998 -0.00190273 0.00953764
-0.00223269 -0.00184718 0.00956117
-0.00205884 -0.00170329 0.00962038
-0.00191428 -0.00158363 0.00967182
-0.00184536 -0.00152658 0.00969544
-0.00175457 -0.00145144 0.00972744
-0.0016426 -0.00135876 0.00976574
-0.00157862 -0.00130589 0.00978227
-0.00144959 -0.00119927 0.00981142
-0.00134522 -0.00111301 0.0098329
-0.00122746 -0.00101569 0.00985819
-0.00118303 -0.000978984 0.00986717
-0.00114795 -0.000949991 0.00987466
-0.000998709 -0.000826657 0.00990481
-0.000934037 -0.000773214 0.0099179
-0.0007579 -0.000627656 0.00994969
-0.000750957 -0.000621918 0.00995091
-0.000744835 -0.00061685 0.00995159
-0.000559889 -0.000463719 0.00996983
-0.000466995 -0.000386804 0.00997903
-0.000328486 -0.0002721 0.0099886
-0.000287355 -0.000238036 0.00999063
-0.000242449 -0.000200844 0.00999318
-0.000124129 -0.000102841 0.00999761
0 -0 0.01
